list(y=10, n=43)